gi|15829254|ref|NC_002695.1|	JCVI_READ_1093093037514	69.88	644	193	1	4994924	4995567	658	16	9e-74	 284
gi|15829254|ref|NC_002695.1|	JCVI_READ_1093025585474	72.41	395	109	0	4994294	4994688	339	733	9e-55	 221
gi|15829254|ref|NC_002695.1|	JCVI_READ_1093025585474	67.98	203	63	2	4993954	4994156	10	210	4e-08	66.2
gi|15829254|ref|NC_002695.1|	JCVI_READ_1093025602011	64.81	773	266	3	4994996	4995765	1021	252	3e-36	 159
gi|15829254|ref|NC_002695.1|	JCVI_READ_1093129003775	72.20	295	73	5	36109	36399	17	306	5e-33	 149
gi|15829254|ref|NC_002695.1|	JCVI_READ_1093025601985	70.00	330	91	6	36814	37142	1088	766	4e-27	 129
gi|15829254|ref|NC_002695.1|	JCVI_READ_1093025601985	76.06	71	17	0	37312	37382	596	526	0.001	51.8
gi|15829254|ref|NC_002695.1|	JCVI_READ_1093025585486	63.82	854	285	9	4994945	4995786	99	940	4e-27	 129
gi|15829254|ref|NC_002695.1|	JCVI_READ_1093093037508	68.55	318	92	2	4760639	4760952	25	338	7e-25	 122
gi|15829254|ref|NC_002695.1|	JCVI_READ_1093025601993	70.49	305	78	8	5021316	5021614	731	433	2e-24	 120
gi|15829254|ref|NC_002695.1|	JCVI_READ_1093025601993	70.49	305	78	8	4980290	4980588	731	433	2e-24	 120
gi|15829254|ref|NC_002695.1|	JCVI_READ_1093025601993	70.49	305	78	8	4836109	4836407	731	433	2e-24	 120
gi|15829254|ref|NC_002695.1|	JCVI_READ_1093025601993	70.49	305	78	8	4739615	4739913	731	433	2e-24	 120
gi|15829254|ref|NC_002695.1|	JCVI_READ_1093025601993	70.49	305	78	8	3446617	3446915	433	731	2e-24	 120
gi|15829254|ref|NC_002695.1|	JCVI_READ_1093025601993	70.49	305	78	8	4159024	4159322	433	731	2e-24	 120
gi|15829254|ref|NC_002695.1|	JCVI_READ_1093025601993	70.49	305	78	8	231555	231853	731	433	2e-24	 120
gi|15829254|ref|NC_002695.1|	JCVI_READ_1093093037505	66.74	427	128	6	3294001	3294420	371	790	3e-23	 116
gi|15829254|ref|NC_002695.1|	JCVI_READ_1093093037526	68.99	287	89	0	4995500	4995786	980	694	3e-23	 116
gi|15829254|ref|NC_002695.1|	JCVI_READ_1093025601928	67.11	304	100	0	523927	524230	16	319	8e-18	98.7
gi|15829254|ref|NC_002695.1|	JCVI_READ_1093025585470	67.56	299	91	4	118386	118681	644	939	4e-15	89.7
gi|15829254|ref|NC_002695.1|	JCVI_READ_1093025585470	75.86	58	13	1	3349272	3349328	774	717	6.2	39.2
gi|15829254|ref|NC_002695.1|	JCVI_READ_1093129003801	67.70	257	82	1	4993900	4994156	16	271	5e-14	86.0
gi|15829254|ref|NC_002695.1|	JCVI_READ_1093025601961	84.42	77	12	0	5217002	5217078	69	145	5e-14	86.0
gi|15829254|ref|NC_002695.1|	JCVI_READ_1093025601961	83.12	77	13	0	3851959	3852035	145	69	2e-12	80.6
gi|15829254|ref|NC_002695.1|	JCVI_READ_1093025601961	76.79	56	13	0	2727512	2727567	83	138	0.51	42.8
gi|15829254|ref|NC_002695.1|	JCVI_READ_1093025601961	76.79	56	13	0	2731736	2731791	138	83	0.51	42.8
gi|15829254|ref|NC_002695.1|	JCVI_READ_1093025601961	76.79	56	13	0	2729328	2729383	138	83	0.51	42.8
gi|15829254|ref|NC_002695.1|	JCVI_READ_1093025601961	76.79	56	13	0	2713123	2713178	138	83	0.51	42.8
gi|15829254|ref|NC_002695.1|	JCVI_READ_1093025601961	71.95	82	18	2	1179398	1179479	159	83	1.8	41.0
gi|15829254|ref|NC_002695.1|	JCVI_READ_1093025601961	76.36	55	13	0	3249789	3249843	137	83	1.8	41.0
gi|15829254|ref|NC_002695.1|	JCVI_READ_1093025601961	76.36	55	13	0	865603	865657	137	83	1.8	41.0
gi|15829254|ref|NC_002695.1|	JCVI_READ_1093025601961	76.36	55	13	0	865381	865435	137	83	1.8	41.0
gi|15829254|ref|NC_002695.1|	JCVI_READ_1093025601961	76.36	55	13	0	865175	865229	137	83	1.8	41.0
gi|15829254|ref|NC_002695.1|	JCVI_READ_1093025601961	76.36	55	13	0	864986	865040	137	83	1.8	41.0
gi|15829254|ref|NC_002695.1|	JCVI_READ_1093025593885	67.33	251	82	0	4996412	4996662	73	323	2e-13	84.2
gi|15829254|ref|NC_002695.1|	JCVI_READ_1093077500306	66.27	338	109	4	1707313	1707649	261	594	6e-13	82.4
gi|15829254|ref|NC_002695.1|	JCVI_READ_1093093037516	68.16	245	69	4	3821675	3821919	676	911	2e-12	80.6
gi|15829254|ref|NC_002695.1|	JCVI_READ_1093077500334	67.21	244	66	4	4135764	4136006	196	426	9e-11	75.2
gi|15829254|ref|NC_002695.1|	JCVI_READ_1093025593933	65.00	320	112	0	4854332	4854651	437	118	3e-10	73.4
gi|15829254|ref|NC_002695.1|	JCVI_READ_1093025601991	70.32	155	46	0	3783994	3784148	335	489	3e-10	73.4
gi|15829254|ref|NC_002695.1|	JCVI_READ_1093129003753	63.44	506	173	4	3064634	3065133	174	673	1e-09	71.6
gi|15829254|ref|NC_002695.1|	JCVI_READ_1093025585428	87.50	56	7	0	3244933	3244988	306	361	4e-09	69.8
gi|15829254|ref|NC_002695.1|	JCVI_READ_1093025585428	87.27	55	7	0	3244819	3244873	307	361	1e-08	68.0
gi|15829254|ref|NC_002695.1|	JCVI_READ_1093025574905	90.20	51	5	0	3670033	3670083	310	260	4e-09	69.8
gi|15829254|ref|NC_002695.1|	JCVI_READ_1093025574905	90.20	51	5	0	3669923	3669973	310	260	4e-09	69.8
gi|15829254|ref|NC_002695.1|	JCVI_READ_1093025574905	90.20	51	5	0	3669813	3669863	310	260	4e-09	69.8
gi|15829254|ref|NC_002695.1|	JCVI_READ_1093025574905	90.20	51	5	0	4060711	4060761	260	310	4e-09	69.8
gi|15829254|ref|NC_002695.1|	JCVI_READ_1093093037521	67.10	231	74	2	3130305	3130534	476	705	1e-08	68.0
gi|15829254|ref|NC_002695.1|	JCVI_READ_1093093037486	70.51	156	40	3	4076281	4076433	344	496	4e-08	66.2
gi|15829254|ref|NC_002695.1|	JCVI_READ_1093093037486	89.66	29	3	0	5049237	5049265	451	423	6.2	39.2
gi|15829254|ref|NC_002695.1|	JCVI_READ_1093025574872	74.74	95	24	0	4997939	4998033	850	756	2e-07	64.4
gi|15829254|ref|NC_002695.1|	JCVI_READ_1093129003748	71.68	113	32	0	3816528	3816640	276	388	2e-06	60.8
gi|15829254|ref|NC_002695.1|	JCVI_READ_1093129003745	77.92	77	16	1	4984770	4984846	358	433	7e-06	59.0
gi|15829254|ref|NC_002695.1|	JCVI_READ_1093129003745	79.25	53	10	1	4158599	4158651	419	368	0.51	42.8
gi|15829254|ref|NC_002695.1|	JCVI_READ_1093025585476	64.51	355	114	6	3295802	3296148	638	988	2e-05	57.2
gi|15829254|ref|NC_002695.1|	JCVI_READ_1093025585476	65.15	264	84	4	3821857	3822114	986	725	0.001	51.8
gi|15829254|ref|NC_002695.1|	JCVI_READ_1093025585423	70.80	113	33	0	30663	30775	505	617	8e-05	55.4
gi|15829254|ref|NC_002695.1|	JCVI_READ_1093077500304	79.03	62	13	0	4664080	4664141	95	34	3e-04	53.6
gi|15829254|ref|NC_002695.1|	JCVI_READ_1093025601943	75.64	78	11	2	2346226	2346299	690	617	3e-04	53.6
gi|15829254|ref|NC_002695.1|	JCVI_READ_1093025601943	75.00	76	19	0	3542405	3542480	617	692	0.001	51.8
gi|15829254|ref|NC_002695.1|	JCVI_READ_1093025601943	74.32	74	19	0	3541946	3542019	617	690	0.012	48.2
gi|15829254|ref|NC_002695.1|	JCVI_READ_1093025601943	74.32	74	19	0	3542125	3542198	617	690	0.012	48.2
gi|15829254|ref|NC_002695.1|	JCVI_READ_1093025601943	74.32	74	19	0	3542264	3542337	617	690	0.012	48.2
gi|15829254|ref|NC_002695.1|	JCVI_READ_1093025601943	72.00	75	21	0	657182	657256	689	615	1.8	41.0
gi|15829254|ref|NC_002695.1|	JCVI_READ_1093113500173	74.68	79	20	0	3029482	3029560	225	303	3e-04	53.6
gi|15829254|ref|NC_002695.1|	JCVI_READ_1093077500336	73.26	86	23	0	3225257	3225342	241	156	0.001	51.8
gi|15829254|ref|NC_002695.1|	JCVI_READ_1093129003783	87.80	41	5	0	230751	230791	316	356	0.001	51.8
gi|15829254|ref|NC_002695.1|	JCVI_READ_1093129003783	87.80	41	5	0	4160086	4160126	356	316	0.001	51.8
gi|15829254|ref|NC_002695.1|	JCVI_READ_1093129003783	87.80	41	5	0	3447679	3447719	356	316	0.001	51.8
gi|15829254|ref|NC_002695.1|	JCVI_READ_1093129003783	87.80	41	5	0	4738811	4738851	316	356	0.001	51.8
gi|15829254|ref|NC_002695.1|	JCVI_READ_1093129003783	87.80	41	5	0	4835305	4835345	316	356	0.001	51.8
gi|15829254|ref|NC_002695.1|	JCVI_READ_1093129003783	87.80	41	5	0	4979486	4979526	316	356	0.001	51.8
gi|15829254|ref|NC_002695.1|	JCVI_READ_1093129003783	87.80	41	5	0	5020512	5020552	316	356	0.001	51.8
gi|15829254|ref|NC_002695.1|	JCVI_READ_1093113500166	84.44	45	7	0	3544415	3544459	489	445	0.003	50.0
gi|15829254|ref|NC_002695.1|	JCVI_READ_1093129003770	66.47	167	56	0	1510731	1510897	901	735	0.003	50.0
gi|15829254|ref|NC_002695.1|	JCVI_READ_1093129003770	82.93	41	7	0	2099343	2099383	589	629	0.51	42.8
gi|15829254|ref|NC_002695.1|	JCVI_READ_1093025585406	72.63	95	22	2	441830	441922	648	740	0.003	50.0
gi|15829254|ref|NC_002695.1|	JCVI_READ_1093113500099	74.03	77	20	0	4649751	4649827	331	255	0.003	50.0
gi|15829254|ref|NC_002695.1|	JCVI_READ_1093025601969	68.80	125	39	0	2494811	2494935	352	476	0.003	50.0
gi|15829254|ref|NC_002695.1|	JCVI_READ_1093025593893	65.13	238	81	2	4712489	4712725	180	416	0.012	48.2
gi|15829254|ref|NC_002695.1|	JCVI_READ_1093077500321	70.09	117	27	3	993231	993343	596	484	0.012	48.2
gi|15829254|ref|NC_002695.1|	JCVI_READ_1093077500321	84.09	44	7	0	2028979	2029022	587	544	0.012	48.2
gi|15829254|ref|NC_002695.1|	JCVI_READ_1093077500321	85.00	40	6	0	1747746	1747785	916	877	0.042	46.4
gi|15829254|ref|NC_002695.1|	JCVI_READ_1093077500321	80.49	41	8	0	3012505	3012545	584	544	6.2	39.2
gi|15829254|ref|NC_002695.1|	JCVI_READ_1093077500321	75.93	54	13	0	1031873	1031926	549	602	6.2	39.2
gi|15829254|ref|NC_002695.1|	JCVI_READ_1093025585448	86.84	38	5	0	1134734	1134771	4	41	0.042	46.4
gi|15829254|ref|NC_002695.1|	JCVI_READ_1093025585448	83.33	36	6	0	23315	23350	882	847	6.2	39.2
gi|15829254|ref|NC_002695.1|	JCVI_READ_1093025574877	85.00	40	6	0	1747746	1747785	927	966	0.042	46.4
gi|15829254|ref|NC_002695.1|	JCVI_READ_1093025574877	76.47	51	12	0	1748093	1748143	314	364	6.2	39.2
gi|15829254|ref|NC_002695.1|	JCVI_READ_1093077500350	83.72	43	7	0	3028518	3028560	922	964	0.042	46.4
gi|15829254|ref|NC_002695.1|	JCVI_READ_1093025574906	83.72	43	7	0	3028518	3028560	799	757	0.042	46.4
gi|15829254|ref|NC_002695.1|	JCVI_READ_1093025601999	88.57	35	4	0	4185667	4185701	402	436	0.042	46.4
gi|15829254|ref|NC_002695.1|	JCVI_READ_1093113500175	88.57	35	4	0	3318162	3318196	35	69	0.042	46.4
gi|15829254|ref|NC_002695.1|	JCVI_READ_1093093037501	72.84	81	19	1	3542494	3542574	873	950	0.042	46.4
gi|15829254|ref|NC_002695.1|	JCVI_READ_1093025585461	72.84	81	19	1	3542494	3542574	929	852	0.042	46.4
gi|15829254|ref|NC_002695.1|	JCVI_READ_1093129003708	88.24	34	4	0	897773	897806	107	140	0.15	44.6
gi|15829254|ref|NC_002695.1|	JCVI_READ_1093113500105	76.27	59	14	0	536333	536391	565	623	0.15	44.6
gi|15829254|ref|NC_002695.1|	JCVI_READ_1093113500190	76.56	64	14	1	3820817	3820880	597	659	0.15	44.6
gi|15829254|ref|NC_002695.1|	JCVI_READ_1093025593944	65.08	189	66	0	3296039	3296227	189	377	0.15	44.6
gi|15829254|ref|NC_002695.1|	JCVI_READ_1093025574922	92.86	28	2	0	1582961	1582988	879	906	0.51	42.8
gi|15829254|ref|NC_002695.1|	JCVI_READ_1093025585455	78.43	51	11	0	5314643	5314693	15	65	0.51	42.8
gi|15829254|ref|NC_002695.1|	JCVI_READ_1093025593888	100.00	23	0	0	1389581	1389603	244	266	0.51	42.8
gi|15829254|ref|NC_002695.1|	JCVI_READ_1093077500309	76.79	56	13	0	5292797	5292852	328	383	0.51	42.8
gi|15829254|ref|NC_002695.1|	JCVI_READ_1093077500351	92.86	28	2	0	3003890	3003917	527	554	0.51	42.8
gi|15829254|ref|NC_002695.1|	JCVI_READ_1093025574907	92.86	28	2	0	3003890	3003917	1031	1004	0.51	42.8
gi|15829254|ref|NC_002695.1|	JCVI_READ_1093129003760	84.78	46	3	3	1291432	1291475	929	972	0.51	42.8
gi|15829254|ref|NC_002695.1|	JCVI_READ_1093129003760	83.78	37	6	0	758035	758071	953	917	1.8	41.0
gi|15829254|ref|NC_002695.1|	JCVI_READ_1093025601970	84.78	46	3	3	1291432	1291475	799	756	0.51	42.8
gi|15829254|ref|NC_002695.1|	JCVI_READ_1093025601970	83.78	37	6	0	758035	758071	775	811	1.8	41.0
gi|15829254|ref|NC_002695.1|	JCVI_READ_1093129003733	96.15	26	1	0	2896680	2896705	558	583	0.51	42.8
gi|15829254|ref|NC_002695.1|	JCVI_READ_1093129003754	81.63	49	6	2	675679	675724	402	450	0.51	42.8
gi|15829254|ref|NC_002695.1|	JCVI_READ_1093025574923	86.11	36	5	0	3810190	3810225	1000	1035	0.51	42.8
gi|15829254|ref|NC_002695.1|	JCVI_READ_1093077500367	86.11	36	5	0	3810190	3810225	797	762	0.51	42.8
gi|15829254|ref|NC_002695.1|	JCVI_READ_1093077500366	92.86	28	2	0	1582961	1582988	807	780	0.51	42.8
gi|15829254|ref|NC_002695.1|	JCVI_READ_1093025574930	92.86	28	2	0	3731322	3731349	314	287	0.51	42.8
gi|15829254|ref|NC_002695.1|	JCVI_READ_1093113500165	87.50	32	4	0	4766312	4766343	230	199	1.8	41.0
gi|15829254|ref|NC_002695.1|	JCVI_READ_1093113500162	87.50	32	4	0	1373904	1373935	1044	1013	1.8	41.0
gi|15829254|ref|NC_002695.1|	JCVI_READ_1093093037499	92.59	27	2	0	2726774	2726800	233	259	1.8	41.0
gi|15829254|ref|NC_002695.1|	JCVI_READ_1093025574921	80.95	42	8	0	4852424	4852465	349	308	1.8	41.0
gi|15829254|ref|NC_002695.1|	JCVI_READ_1093113500144	83.78	37	6	0	3315362	3315398	210	246	1.8	41.0
gi|15829254|ref|NC_002695.1|	JCVI_READ_1093025585430	69.57	92	28	0	37666	37757	484	393	1.8	41.0
gi|15829254|ref|NC_002695.1|	JCVI_READ_1093113500134	85.71	35	5	0	2495638	2495672	418	452	1.8	41.0
gi|15829254|ref|NC_002695.1|	JCVI_READ_1093025574913	92.59	27	2	0	5278566	5278592	540	514	1.8	41.0
gi|15829254|ref|NC_002695.1|	JCVI_READ_1093077500352	90.00	30	3	0	5137208	5137237	932	961	1.8	41.0
gi|15829254|ref|NC_002695.1|	JCVI_READ_1093025574908	90.00	30	3	0	5137208	5137237	758	729	1.8	41.0
gi|15829254|ref|NC_002695.1|	JCVI_READ_1093077500378	93.10	29	1	1	1980386	1980414	601	574	1.8	41.0
gi|15829254|ref|NC_002695.1|	JCVI_READ_1093025574934	93.10	29	1	1	1980386	1980414	998	1025	1.8	41.0
gi|15829254|ref|NC_002695.1|	JCVI_READ_1093077500348	88.24	34	2	1	2391496	2391529	619	588	1.8	41.0
gi|15829254|ref|NC_002695.1|	JCVI_READ_1093025574847	86.49	37	4	1	760720	760756	702	737	1.8	41.0
gi|15829254|ref|NC_002695.1|	JCVI_READ_1093129003707	87.50	32	4	0	1331057	1331088	980	1011	1.8	41.0
gi|15829254|ref|NC_002695.1|	JCVI_READ_1093077500327	70.00	90	27	0	817109	817198	444	533	1.8	41.0
gi|15829254|ref|NC_002695.1|	JCVI_READ_1093025593861	83.78	37	6	0	141088	141124	571	607	1.8	41.0
gi|15829254|ref|NC_002695.1|	JCVI_READ_1093025585413	76.36	55	13	0	955817	955871	743	797	1.8	41.0
gi|15829254|ref|NC_002695.1|	JCVI_READ_1093025585408	68.22	107	34	0	1328705	1328811	466	572	1.8	41.0
gi|15829254|ref|NC_002695.1|	JCVI_READ_1093025601925	86.11	36	3	1	4675380	4675413	665	630	1.8	41.0
gi|15829254|ref|NC_002695.1|	JCVI_READ_1093129003712	100.00	22	0	0	1098855	1098876	368	389	1.8	41.0
gi|15829254|ref|NC_002695.1|	JCVI_READ_1093025593934	78.00	50	11	0	4555331	4555380	183	134	1.8	41.0
gi|15829254|ref|NC_002695.1|	JCVI_READ_1093025601992	92.59	27	2	0	4392005	4392031	792	818	1.8	41.0
gi|15829254|ref|NC_002695.1|	JCVI_READ_1093129003782	92.59	27	2	0	4392005	4392031	1011	985	1.8	41.0
gi|15829254|ref|NC_002695.1|	JCVI_READ_1093077500347	96.30	27	0	1	1825915	1825941	154	129	1.8	41.0
gi|15829254|ref|NC_002695.1|	JCVI_READ_1093025585484	85.29	34	5	0	4833293	4833326	668	635	6.2	39.2
gi|15829254|ref|NC_002695.1|	JCVI_READ_1093025585484	85.29	34	5	0	4162103	4162136	635	668	6.2	39.2
gi|15829254|ref|NC_002695.1|	JCVI_READ_1093025585484	85.29	34	5	0	228741	228774	668	635	6.2	39.2
gi|15829254|ref|NC_002695.1|	JCVI_READ_1093025585457	89.66	29	3	0	310687	310715	647	619	6.2	39.2
gi|15829254|ref|NC_002695.1|	JCVI_READ_1093129003743	83.33	36	6	0	4006936	4006971	579	544	6.2	39.2
gi|15829254|ref|NC_002695.1|	JCVI_READ_1093113500120	72.09	86	18	3	4736874	4736956	265	347	6.2	39.2
gi|15829254|ref|NC_002695.1|	JCVI_READ_1093113500120	72.09	86	18	3	4977549	4977631	265	347	6.2	39.2
gi|15829254|ref|NC_002695.1|	JCVI_READ_1093113500120	72.09	86	18	3	5018575	5018657	265	347	6.2	39.2
gi|15829254|ref|NC_002695.1|	JCVI_READ_1093113500120	87.10	31	4	0	3449572	3449602	347	317	6.2	39.2
gi|15829254|ref|NC_002695.1|	JCVI_READ_1093025601963	73.77	61	16	0	5127387	5127447	786	846	6.2	39.2
gi|15829254|ref|NC_002695.1|	JCVI_READ_1093025601960	100.00	21	0	0	2984634	2984654	468	448	6.2	39.2
gi|15829254|ref|NC_002695.1|	JCVI_READ_1093093037488	82.05	39	7	0	23312	23350	807	845	6.2	39.2
gi|15829254|ref|NC_002695.1|	JCVI_READ_1093025593864	96.15	26	0	1	4983305	4983330	276	252	6.2	39.2
gi|15829254|ref|NC_002695.1|	JCVI_READ_1093093037458	85.71	35	3	1	1478270	1478302	411	377	6.2	39.2
gi|15829254|ref|NC_002695.1|	JCVI_READ_1093129003778	100.00	21	0	0	742761	742781	282	262	6.2	39.2
gi|15829254|ref|NC_002695.1|	JCVI_READ_1093129003761	87.88	33	3	1	4414311	4414342	132	100	6.2	39.2
gi|15829254|ref|NC_002695.1|	JCVI_READ_1093025593877	89.66	29	3	0	3887202	3887230	96	68	6.2	39.2
gi|15829254|ref|NC_002695.1|	JCVI_READ_1093113500133	78.72	47	6	1	4932617	4932659	125	171	6.2	39.2
gi|15829254|ref|NC_002695.1|	JCVI_READ_1093025593887	92.31	26	2	0	1561097	1561122	1012	1037	6.2	39.2
gi|15829254|ref|NC_002695.1|	JCVI_READ_1093025601923	76.47	51	12	0	3835148	3835198	236	286	6.2	39.2
gi|15829254|ref|NC_002695.1|	JCVI_READ_1093025593938	87.10	31	4	0	1701801	1701831	195	165	6.2	39.2
gi|15829254|ref|NC_002695.1|	JCVI_READ_1093025574936	84.21	38	5	1	3134256	3134293	162	198	6.2	39.2
gi|15829254|ref|NC_002695.1|	JCVI_READ_1093025585489	87.88	33	3	1	1935159	1935191	831	862	6.2	39.2
gi|15829254|ref|NC_002695.1|	JCVI_READ_1093093037529	87.88	33	3	1	1935159	1935191	734	703	6.2	39.2
gi|15829254|ref|NC_002695.1|	JCVI_READ_1093129003756	82.05	39	7	0	3146999	3147037	659	697	6.2	39.2
gi|15829254|ref|NC_002695.1|	JCVI_READ_1093025601966	82.05	39	7	0	3146999	3147037	1062	1024	6.2	39.2
gi|15829254|ref|NC_002695.1|	JCVI_READ_1093025585431	92.31	26	2	0	1349799	1349824	239	214	6.2	39.2
